[gd_scene load_steps=7 format=3 uid="uid://ds310i3gdkayf"]

[ext_resource type="Script" uid="uid://b6ucobkebhl1i" path="res://customers/customer.gd" id="1_g62xo"]

[sub_resource type="CapsuleMesh" id="CapsuleMesh_hjdef"]

[sub_resource type="CapsuleShape3D" id="CapsuleShape3D_hxqsd"]

[sub_resource type="BoxMesh" id="BoxMesh_f86nl"]
size = Vector3(0.05, 0.05, 0.25)

[sub_resource type="StandardMaterial3D" id="StandardMaterial3D_ye5ky"]
albedo_color = Color(1, 0.253355, 0.570839, 1)

[sub_resource type="BoxMesh" id="BoxMesh_lrevd"]
size = Vector3(0.05, 0.05, 0.17)

[node name="customer" type="CharacterBody3D"]
transform = Transform3D(1, 0, 0, 0, 1, 0, 0, 0, 1, 0, 1, 0)
collision_layer = 8
collision_mask = 31
script = ExtResource("1_g62xo")
reticle_text = "Listen"
reticle_input = "interact"

[node name="MeshInstance3D" type="MeshInstance3D" parent="."]
mesh = SubResource("CapsuleMesh_hjdef")

[node name="CollisionShape3D" type="CollisionShape3D" parent="."]
shape = SubResource("CapsuleShape3D_hxqsd")

[node name="MeshInstance3D3" type="MeshInstance3D" parent="."]
transform = Transform3D(0.166646, 0.927474, -0.334696, -0.0451881, 0.34627, 0.937046, 0.984981, -0.141031, 0.0996153, 0.139118, 0.305201, 0.472758)
mesh = SubResource("BoxMesh_f86nl")
surface_material_override/0 = SubResource("StandardMaterial3D_ye5ky")

[node name="MeshInstance3D4" type="MeshInstance3D" parent="."]
transform = Transform3D(0.167622, -0.927533, 0.334044, 0.0448945, 0.345669, 0.937282, -0.984829, -0.142113, 0.099583, -0.139, 0.305, 0.473)
mesh = SubResource("BoxMesh_f86nl")
surface_material_override/0 = SubResource("StandardMaterial3D_ye5ky")

[node name="MeshInstance3D5" type="MeshInstance3D" parent="."]
transform = Transform3D(-4.28271e-08, -0.748446, -0.663195, 8.74754e-09, 0.663195, -0.748447, 1, -3.78552e-08, -2.18557e-08, 0.0469116, 0.33279, 0.481)
mesh = SubResource("BoxMesh_lrevd")
surface_material_override/0 = SubResource("StandardMaterial3D_ye5ky")

[node name="MeshInstance3D6" type="MeshInstance3D" parent="."]
transform = Transform3D(-4.37114e-08, 0.748955, -0.66262, 0, 0.66262, 0.748956, 1, 3.27379e-08, -2.8964e-08, -0.047, 0.333, 0.481)
mesh = SubResource("BoxMesh_lrevd")
surface_material_override/0 = SubResource("StandardMaterial3D_ye5ky")

[connection signal="interacted" from="." to="." method="_on_interacted"]
